url, result, TBT, loadtime, docTime, fullyLoaded, bytesOut, bytesOutDoc, bytesIn, bytesInDoc, requests, requestaFull, requestsDoc, responses_200, responses_404, responses_other, chromeUserTiming.loadEventStart, chromeUserTiming.loadEventEnd, chromeUserTiming.domContentLoadedEventStart, chromeUserTiming.domContentLoadedEventEnd, chromeUserTiming.domComplete, connections,chromeUserTiming.CumulativeLayoutShift, chromeUserTiming.LargestContentfulPaint, chromeUserTiming.firstContentfulPaint, FirstInteractive, TimeToInteractive, chromeUserTiming.domInteractive, domComplete, renderBlockingCSS, renderBlockingJS, TTFB, html_bytes, html_request, js_bytes, js_request, css_bytes, css_request, image_bytes, image_request, flash_bytes, flash_request, fort_bytes, font_request, video_bytes, video_request, other_bytes, other_request
https://www.samsung.com/au/,https://www.webpagetest.org/results.php?test=230530_BiDcPK_5PS,7941,6760,6760,21001,554995,176941,3055133,1228040,213,213,67,184,0,29,6760,6834,3030,3574,6755,60,0.0139172815,2567,1300,,,3030,6750,12,0,751,61966,27,1923304,73,61269,13,549209,35,0,0,434748,3,0,0,24637,60,
https://www.samsung.com/au/smartphones/galaxy-s23-ultra/buy/,https://www.webpagetest.org/results.php?test=230530_AiDcQR_5PH,9839,7995,7995,22236,617135,199899,2832392,1398873,231,231,72,190,0,41,7995,8073,4674,5168,7971,62,0.012946018,17048,1696,,,4671,7960,5,0,773,77596,27,2014117,70,94444,6,178695,43,0,0,434748,3,0,0,32792,81,
https://www.samsung.com/au/smartphones/galaxy-s23/buy/,https://www.webpagetest.org/results.php?test=230530_BiDcVB_5Q0,9516,7428,7428,20973,651102,176996,2860258,1416147,235,235,62,194,0,41,7428,7507,3785,4287,7392,61,0.012946018,16356,1538,,,3785,7381,5,0,469,79230,27,2032029,71,94444,6,182563,46,0,0,434748,3,0,0,37244,81,
https://www.samsung.com/au/smartphones/galaxy-s23-ultra/buy/,https://www.webpagetest.org/results.php?test=230530_BiDcA8_5Q8,9034,7231,7231,20459,618032,178256,2832371,1397231,231,231,62,190,0,41,7231,7306,4073,4505,7195,62,0.012946018,17498,1685,,,4073,7188,5,0,597,77629,27,2014026,70,94444,6,178737,43,0,0,434748,3,0,0,32787,81,
https://www.samsung.com/au/smartphones/galaxy-s23-ultra/buy/,https://www.webpagetest.org/results.php?test=230530_BiDcV9_5Q2,8561,6968,6968,20652,616847,177053,2817799,1397209,231,231,62,190,0,41,6968,7046,3889,4335,6935,61,0.012946018,16458,1383,,,3882,6927,5,0,554,77609,27,1999554,70,94444,6,178653,43,0,0,434748,3,0,0,32791,81,
https://www.samsung.com/au/smartphones/galaxy-s23-ultra/buy/,https://www.webpagetest.org/results.php?test=230530_AiDc23_5NY,9603,7519,7519,21691,614267,182362,2819437,1385355,231,231,64,190,0,41,7519,7603,4078,4577,7486,61,0.012946018,17220,1697,,,4078,7470,5,0,633,77636,27,2001163,70,94444,6,178653,43,0,0,434748,3,0,0,32793,81,
https://www.samsung.com/au/,https://www.webpagetest.org/results.php?test=230530_BiDc9S_5PM,8264,6378,6378,21051,559045,199337,3053872,1230898,213,213,74,184,0,29,6378,6453,2711,3342,6370,60,0.0139596281,2069,1305,,,2709,6360,12,0,442,62006,27,1923397,73,61812,13,549209,35,0,0,434748,3,0,0,22700,60,
https://www.samsung.com/au/smartphones/galaxy-s23/,https://www.webpagetest.org/results.php?test=230530_BiDcPM_5PY,9083,6735,6735,20005,559372,174935,2820031,1395678,216,216,65,181,0,35,6735,6852,4580,4908,6719,62,0.012946018,2282,1285,,,4579,6705,8,0,427,97701,26,2013289,70,67643,11,162773,37,0,0,434748,3,0,0,43877,67,
https://www.samsung.com/au/smartphones/galaxy-s23-ultra/buy/,https://www.webpagetest.org/results.php?test=230530_BiDcT0_5Q5,9386,7245,7245,21360,617855,183577,2815972,1392276,231,231,64,190,0,41,7245,7326,4014,4504,7206,60,0.012946018,2251,1664,,,4013,7197,5,0,446,77637,27,1999641,70,94444,6,178653,43,0,0,434748,3,0,0,30849,81,
https://www.samsung.com/au/smartphones/galaxy-s23-ultra/,https://www.webpagetest.org/results.php?test=230530_BiDcB4_5PH,8718,6861,6861,19763,558473,215991,2836524,1412775,216,216,84,182,0,34,6861,6938,4050,4426,6850,59,0.012946018,2251,1157,,,4049,6834,8,0,445,99764,27,2013287,70,67024,11,179776,37,0,0,434748,3,0,0,41925,67,
https://www.samsung.com/au/smartphones/galaxy-s23/,https://www.webpagetest.org/results.php?test=230530_BiDcJR_5PX,8670,6961,6961,20162,553358,208676,2819365,1395593,216,216,83,182,0,34,6961,7040,4030,4379,6943,60,0.012946018,2168,1277,,,4030,6931,8,0,448,97707,27,2013289,70,66984,11,162773,37,0,0,434748,3,0,0,43864,67,
https://www.samsung.com/au/smartphones/galaxy-s23/buy/,https://www.webpagetest.org/results.php?test=230530_BiDcBW_5Q1,9212,7540,7540,21658,652533,191646,2846971,1402616,235,235,66,194,0,41,7540,7647,4107,4598,7513,61,0.012946018,17995,1618,,,4107,7506,5,0,504,79226,27,2019215,71,94444,6,182521,46,0,0,434748,3,0,0,36817,81,
https://www.samsung.com/au/smartphones/galaxy-s23-ultra/buy/,https://www.webpagetest.org/results.php?test=230530_BiDcXW_5Q6,9762,8169,8169,21524,620892,203630,2832417,1398148,232,232,74,190,0,42,8169,8250,4260,4724,8134,62,0.0136505614,3342,1891,,,4259,8123,5,0,849,77634,27,2014062,70,94444,6,178737,43,0,0,434748,3,0,0,32792,82,
https://www.samsung.com/au/smartphones/galaxy-s23-ultra/,https://www.webpagetest.org/results.php?test=230530_BiDcTC_5PG,8379,7004,7004,20066,554543,213405,2830128,1406375,216,216,84,182,0,34,7004,7098,4116,4458,6991,60,0.012946018,2710,1249,18890,18890,4112,6972,8,0,532,99764,27,2004939,70,67024,11,179776,37,0,0,434748,3,0,0,43877,67,
https://www.samsung.com/au/smartphones/galaxy-s23/,https://www.webpagetest.org/results.php?test=230530_BiDcCJ_5PV,8592,6418,6418,20238,558116,176579,2796550,1386609,216,216,65,182,0,34,6418,6511,4180,4575,6405,62,0.012946018,2350,1301,,,4180,6387,8,0,443,97709,27,1990467,70,66984,11,162773,37,0,0,434748,3,0,0,43869,67,
https://www.samsung.com/au/smartphones/galaxy-s23-ultra/buy/,https://www.webpagetest.org/results.php?test=230530_BiDcQK_5Q7,8763,7175,7175,20946,617825,195475,2830459,1395819,231,231,70,190,0,41,7175,7262,3736,4181,7135,61,0.012946018,2861,1554,,,3735,7122,5,0,527,77636,27,2014055,70,94444,6,178737,43,0,0,434748,3,0,0,30839,81,
https://www.samsung.com/au/smartphones/galaxy-s23/,https://www.webpagetest.org/results.php?test=230530_BiDcES_5PW,9892,6720,6720,21310,560807,173405,2820024,1395670,216,216,65,182,0,34,6720,6828,4426,4855,6704,61,0.012946018,2108,1227,,,4424,6694,8,0,455,97702,27,2013290,70,67643,11,162773,37,0,0,434748,3,0,0,43868,67,
https://www.samsung.com/au/smartphones/galaxy-s23-ultra/buy/,https://www.webpagetest.org/results.php?test=230530_BiDcXW_5Q4,8595,6878,6878,20210,619259,193210,2819536,1384429,231,231,67,190,0,41,6878,6961,3802,4271,6844,62,0.0136505614,15990,1437,19140,19140,3802,6835,5,0,450,77638,27,2001183,70,94444,6,178737,43,0,0,434748,3,0,0,32786,81,
https://www.samsung.com/au/,https://www.webpagetest.org/results.php?test=230530_BiDc60_5PN,8570,6652,6652,22302,559426,190613,3047236,1223653,213,213,71,184,0,29,6652,6737,2638,3270,6638,59,0.0227894812,2514,1227,,,2638,6628,12,0,500,62005,27,1915362,73,61269,13,549209,35,0,0,434748,3,0,0,24643,60,
https://www.samsung.com/au/,https://www.webpagetest.org/results.php?test=230530_BiDcT2_5PR,7989,5933,5933,19692,564838,195025,3045299,1223009,213,213,73,184,0,29,5933,6000,3387,3903,5921,58,0.0133693621,2460,1386,,,3387,5904,12,0,501,62007,27,1915362,73,61269,13,549209,35,0,0,434748,3,0,0,22704,60,
https://www.samsung.com/au/,https://www.webpagetest.org/results.php?test=230530_BiDcYC_5PP,8893,6495,6495,21597,555664,184177,3047257,1223648,213,213,70,184,0,29,6495,6606,2813,3389,6483,58,0.0139596281,2304,1284,,,2811,6475,12,0,440,62004,27,1915389,73,61269,13,549209,35,0,0,434748,3,0,0,24638,60,
https://www.samsung.com/au/smartphones/galaxy-s23/,https://www.webpagetest.org/results.php?test=230530_BiDcSM_5PT,9285,7191,7191,20894,562835,167403,2817709,1392929,216,216,60,182,0,34,7191,7324,5465,5904,7177,62,0.012946018,3070,1327,,,5462,7175,8,0,468,97703,27,2012961,70,67643,11,162731,37,0,0,434748,3,0,0,41923,67,
https://www.samsung.com/au/,https://www.webpagetest.org/results.php?test=230530_BiDcS6_5PJ,7887,7401,7401,20281,562664,224678,3046761,1233912,216,216,86,186,0,30,7401,7467,2765,3219,7393,59,0.0218182177,2580,1377,,,2763,7379,12,0,440,61999,27,1923291,73,61812,13,540279,35,0,0,434748,3,0,0,24632,61,
https://www.samsung.com/au/,https://www.webpagetest.org/results.php?test=230530_BiDcJ6_5PK,8661,6554,6554,20879,562021,194505,3055711,1232389,213,213,72,184,0,29,6554,6639,3308,3947,6544,60,0.0139596281,4132,1324,,,3308,6533,12,0,418,62007,27,1923302,73,61812,13,549209,35,0,0,434748,3,0,0,24633,60,
https://www.samsung.com/au/smartphones/galaxy-s23-ultra/,https://www.webpagetest.org/results.php?test=230530_BiDcBG_5PF,8640,7186,7186,20715,558176,216248,2828233,1404451,216,216,83,182,0,34,7186,7317,4307,4645,7173,61,0.012946018,2328,1477,,,4304,7160,8,0,699,99764,27,2004914,70,67024,11,179860,37,0,0,434748,3,0,0,41923,67,
https://www.samsung.com/au/smartphones/galaxy-s23/buy/,https://www.webpagetest.org/results.php?test=230530_BiDc98_5Q3,10351,9363,9363,23921,651819,195660,2866234,1423185,235,235,69,194,0,41,9363,9467,5858,6366,9320,63,0.012946018,19578,2911,,,5858,9307,5,0,1898,79179,27,2032118,71,102229,6,182563,46,0,0,434748,3,0,0,35397,81,
https://www.samsung.com/au/smartphones/galaxy-s23/buy/,https://www.webpagetest.org/results.php?test=230530_BiDcY7_5PZ,8909,7482,7482,21321,654381,193795,2860284,1416629,235,235,67,194,0,41,7482,7577,4075,4550,7445,61,0.012946018,17308,1755,,,4075,7430,5,0,502,79226,27,2032057,71,94444,6,182563,46,0,0,434748,3,0,0,37246,81,
https://www.samsung.com/au/smartphones/galaxy-s23-ultra/,https://www.webpagetest.org/results.php?test=230530_BiDcMV_5PQ,9345,6635,6635,21834,558089,177498,2823948,1414039,216,216,66,182,0,34,6635,6758,4293,4663,6616,60,0.012946018,2355,1283,,,4293,6603,8,0,448,99759,27,1998814,70,67024,11,179734,37,0,0,434748,3,0,0,43869,67,
https://www.samsung.com/au/smartphones/galaxy-s23-ultra/buy/,https://www.webpagetest.org/results.php?test=230530_AiDc5S_5P3,8765,7152,7152,19856,616445,184861,2830512,1395996,231,231,67,190,0,41,7152,7237,3986,4359,7119,60,0.0136505614,16216,1791,,,3986,7113,5,0,711,77634,27,2014101,70,94444,6,178737,43,0,0,434748,3,0,0,30848,81,
https://www.samsung.com/au/,https://www.webpagetest.org/results.php?test=230530_AiDcKY_5P0,8286,6389,6389,20942,556504,185099,3030904,1221704,213,213,71,184,0,29,6389,6470,2638,3201,6378,59,0.0139172815,2118,1186,,,2638,6363,12,0,425,62010,27,1900980,73,61269,13,549209,35,0,0,434748,3,0,0,22688,60,
https://www.samsung.com/au/smartphones/galaxy-s23-ultra/,https://www.webpagetest.org/results.php?test=230530_AiDc89_5P5,9434,7361,7361,22255,557855,217356,2838674,1414809,216,216,84,182,0,34,7361,7459,4257,4656,7350,60,0.012946018,2298,1173,21112,21112,4257,7341,8,0,421,99763,27,2013398,70,67024,11,179860,37,0,0,434748,3,0,0,43881,67,
https://www.samsung.com/au/smartphones/galaxy-s23-ultra/,https://www.webpagetest.org/results.php?test=230530_AiDcZK_5P8,9130,7034,7034,20481,553391,208634,2828247,1404441,216,216,83,182,0,34,7034,7143,4144,4533,7017,60,0.012946018,2327,1180,,,4144,7010,8,0,457,99751,27,2004939,70,67024,11,179860,37,0,0,434748,3,0,0,41925,67,
https://www.samsung.com/au/smartphones/galaxy-s23/,https://www.webpagetest.org/results.php?test=230530_AiDcB2_5PB,9046,6699,6699,21079,557438,168826,2819305,1394366,216,216,64,182,0,34,6699,6814,4274,4602,6688,60,0.012946018,2563,1437,,,4272,6679,8,0,729,97711,27,2013352,70,66984,11,162647,37,0,0,434748,3,0,0,43863,67,
https://www.samsung.com/au/smartphones/galaxy-s23/buy/,https://www.webpagetest.org/results.php?test=230530_AiDcE4_5PJ,9813,7751,7751,23512,641895,185422,2832809,1402951,235,235,67,194,0,41,7751,7847,4092,4571,7707,62,0.013874699400000001,18378,1415,21700,21700,4091,7699,5,0,529,79194,27,2004740,71,94444,6,182437,46,0,0,434748,3,0,0,37246,81,
https://www.samsung.com/au/smartphones/galaxy-s23/,https://www.webpagetest.org/results.php?test=230530_AiDc2G_5P1,9589,7598,7598,22222,557846,181677,2819529,1395198,216,216,69,182,0,34,7598,7703,5197,5595,7576,61,0.012946018,2977,1663,21204,21204,5197,7561,8,0,829,97660,27,2012956,70,67643,11,162647,37,0,0,434748,3,0,0,43875,67,
https://www.samsung.com/au/smartphones/galaxy-s23/,https://www.webpagetest.org/results.php?test=230530_AiDc12_5NW,9289,7397,7397,21536,556394,209428,2811148,1387246,216,216,82,182,0,34,7397,7497,4396,4774,7395,60,0.012946018,2562,1547,20330,20330,4393,7384,8,0,736,97703,27,2005065,70,66984,11,162773,37,0,0,434748,3,0,0,43875,67,
https://www.samsung.com/au/smartphones/galaxy-s23/,https://www.webpagetest.org/results.php?test=230530_AiDc46_5PD,9508,6783,6783,20936,561434,172619,2811587,1387199,216,216,65,182,0,34,6783,6911,4324,4723,6769,60,0.012946018,2269,1308,,,4321,6757,8,0,457,97700,27,2004982,70,67643,11,162647,37,0,0,434748,3,0,0,43867,67,
https://www.samsung.com/au/smartphones/galaxy-s23/,https://www.webpagetest.org/results.php?test=230530_AiDc0Y_5PC,9355,7359,7359,21718,559944,209513,2818099,1393644,217,217,83,183,0,34,7359,7448,4317,4722,7346,61,0.012946018,2442,1337,,,4317,7332,8,0,436,97702,28,2013964,70,66984,11,162773,37,0,0,434748,3,0,0,41928,67,
https://www.samsung.com/au/smartphones/galaxy-s23-ultra/,https://www.webpagetest.org/results.php?test=230530_AiDcYX_5P6,8958,6239,6239,20321,557912,164476,2824045,1413504,216,216,61,182,0,34,6239,6325,4091,4416,6222,60,0.012946018,2344,1242,,,4091,6212,8,0,459,99758,27,1998786,70,67024,11,179860,37,0,0,434748,3,0,0,43869,67,
https://www.samsung.com/au/smartphones/galaxy-s23-ultra/buy/,https://www.webpagetest.org/results.php?test=230530_AiDc07_5PK,9434,7143,7143,22925,622892,179180,2817557,1384594,231,231,65,190,0,41,7143,7209,4505,5033,7110,61,0.012946018,17458,1645,21701,21701,4504,7093,5,0,534,77635,27,2001195,70,94444,6,178695,43,0,0,434748,3,0,0,30840,81,
https://www.samsung.com/au/,https://www.webpagetest.org/results.php?test=230530_AiDc7Q_5NX,7742,7046,7046,29130,552493,197425,3047319,1225865,213,213,76,183,0,30,7046,7100,3253,3657,7037,60,0.0218182177,2877,1680,,,3253,7024,12,0,795,61965,27,1916034,73,61269,13,549209,35,0,0,434748,3,0,0,24094,60,
https://www.samsung.com/au/smartphones/galaxy-s23-ultra/,https://www.webpagetest.org/results.php?test=230530_AiDcZK_5P7,8658,7008,7008,20650,558965,216486,2838621,1414798,216,216,84,182,0,34,7008,7089,4080,4438,6994,60,0.012946018,2360,1284,,,4080,6986,8,0,435,99759,27,2013364,70,67024,11,179860,37,0,0,434748,3,0,0,43866,67,
https://www.samsung.com/au/smartphones/galaxy-s23/buy/,https://www.webpagetest.org/results.php?test=230530_AiDcPH_5PG,9861,7350,7350,21273,658200,208849,2857989,1415531,235,235,73,194,0,41,7350,7427,3894,4380,7312,62,0.012946018,2349,1499,,,3894,7303,5,0,443,79227,27,2032056,71,94444,6,182563,46,0,0,434748,3,0,0,34951,81,
https://www.samsung.com/au/smartphones/galaxy-s23-ultra/,https://www.webpagetest.org/results.php?test=230530_AiDcG3_5P9,9694,6686,6686,20443,561908,170055,2838543,1414059,216,216,63,182,0,34,6686,6807,4351,4755,6672,62,0.012946018,2299,1246,,,4351,6658,8,0,433,99767,27,2013261,70,67024,11,179860,37,0,0,434748,3,0,0,43883,67,
https://www.samsung.com/au/smartphones/galaxy-s23/buy/,https://www.webpagetest.org/results.php?test=230530_AiDcPZ_5NZ,9838,7456,7456,21805,656427,193783,2845474,1401620,235,235,67,194,0,41,7456,7549,3964,4494,7422,63,0.012946018,17173,1555,,,3964,7409,5,0,457,79226,27,2019188,71,94444,6,182479,46,0,0,434748,3,0,0,35389,81,
https://www.samsung.com/au/smartphones/galaxy-s23-ultra/,https://www.webpagetest.org/results.php?test=230530_AiDcVD_5P4,9423,6919,6919,20678,559875,179969,2836597,1412277,217,217,68,183,0,34,6919,7044,4761,5132,6907,61,0.012946018,2775,1581,,,4760,6886,8,0,540,99762,28,2013285,70,67024,11,179860,37,0,0,434748,3,0,0,41918,67,
https://www.samsung.com/au/smartphones/galaxy-s23/buy/,https://www.webpagetest.org/results.php?test=230530_AiDcE1_5PF,10230,7709,7709,22519,648534,191655,2857880,1413595,235,235,66,194,0,41,7709,7810,3965,4492,7672,62,0.012946018,17896,1433,,,3965,7666,5,0,449,79225,27,2032029,71,94444,6,182479,46,0,0,434748,3,0,0,34955,81,
https://www.samsung.com/au/smartphones/galaxy-s23/buy/,https://www.webpagetest.org/results.php?test=230530_AiDcFP_5P2,9556,8385,8385,22563,657606,206606,2857988,1414014,235,235,71,194,0,41,8385,8496,4986,5596,8344,62,0.012946018,18154,1916,,,4986,8335,5,0,810,79221,27,2032058,71,94444,6,182563,46,0,0,434748,3,0,0,34954,81,
https://www.samsung.com/au/,https://www.webpagetest.org/results.php?test=230530_AiDc7Z_5PA,7694,6253,6253,19666,564586,196706,3046876,1232722,213,213,74,184,0,29,6253,6325,3291,3843,6242,60,0.0133693621,2510,1299,,,3290,6225,12,0,429,62008,27,1923383,73,61812,13,540279,35,0,0,434748,3,0,0,24646,60,
https://www.samsung.com/au/smartphones/galaxy-s23/buy/,https://www.webpagetest.org/results.php?test=230530_AiDc8D_5PE,9385,7446,7446,21328,657084,197306,2859812,1416136,235,235,68,194,0,41,7446,7530,3933,4394,7414,62,0.012946018,17066,1642,,,3931,7404,5,0,619,79225,27,2032057,71,94444,6,182521,46,0,0,434748,3,0,0,36817,81,
