url, result, TBT, loadtime, docTime, fullyLoaded, bytesOut, bytesOutDoc, bytesIn, bytesInDoc, requests, requestaFull, requestsDoc, responses_200, responses_404, responses_other, chromeUserTiming.loadEventStart, chromeUserTiming.loadEventEnd, chromeUserTiming.domContentLoadedEventStart, chromeUserTiming.domContentLoadedEventEnd, chromeUserTiming.domComplete, connections,chromeUserTiming.CumulativeLayoutShift, chromeUserTiming.LargestContentfulPaint, chromeUserTiming.firstContentfulPaint, FirstInteractive, TimeToInteractive, chromeUserTiming.domInteractive, domComplete, renderBlockingCSS, renderBlockingJS, TTFB, html_bytes, html_request, js_bytes, js_request, css_bytes, css_request, image_bytes, image_request, flash_bytes, flash_request, fort_bytes, font_request, video_bytes, video_request, other_bytes, other_request
https://www.samsung.com/uk/smartphones/galaxy-s23-ultra/?cookie=consent,https://www.webpagetest.org/results.php?test=230530_AiDc5S_5NE,3566,8488,8488,11945,429625,319993,2166048,1661178,175,175,133,115,0,60,8488,8556,4336,4667,8472,52,0.2257448082,2461,1391,,,4334,8459,7,0,498,96648,16,1084262,36,58947,8,439869,63,0,0,434748,3,0,0,51574,49,
https://www.samsung.com/uk/?cookie=consent,https://www.webpagetest.org/results.php?test=230530_AiDcJH_5NM,5108,11172,11172,16419,603156,504417,2831433,2462935,235,235,195,162,0,73,11172,11197,3793,4802,11118,69,0.012946018,2348,1303,,,3793,11110,14,0,446,57735,21,1325853,61,67690,15,234915,73,0,0,434748,3,698876,1,11616,60,
https://www.samsung.com/uk/smartphones/galaxy-s23/?cookie=consent,https://www.webpagetest.org/results.php?test=230530_BiDc6M_5NQ,4918,10996,10996,18015,716018,468863,3141066,2675197,275,275,182,196,2,77,10996,11058,4324,4913,10982,86,0.2257448082,2310,1366,16548,16548,4323,10973,7,0,498,708398,31,1528993,80,68886,8,345558,78,0,0,434748,3,0,0,54483,75,
https://www.samsung.com/uk/smartphones/galaxy-s23/?cookie=consent,https://www.webpagetest.org/results.php?test=230530_AiDc8K_5N6,4753,11529,11529,18653,716804,466205,3139726,2673885,278,278,185,196,2,80,11529,11577,4423,4985,11509,87,0.2257448082,2298,1411,17099,17099,4423,11496,7,0,450,708386,31,1528965,80,68886,8,345642,78,0,0,434748,3,0,0,53099,78,
https://www.samsung.com/uk/smartphones/galaxy-s23-ultra/?cookie=consent,https://www.webpagetest.org/results.php?test=230530_AiDc8M_5NJ,3030,8502,8502,11681,419272,294921,2176354,1671234,175,175,123,113,0,62,8502,8564,4400,4605,8475,52,0.2257448082,2877,1588,,,4400,8466,7,0,875,96645,16,1084534,36,68926,8,439869,63,0,0,434748,3,0,0,51632,49,
https://www.samsung.com/uk/smartphones/galaxy-s23/buy/?cookie=consent,https://www.webpagetest.org/results.php?test=230530_AiDc31_5NP,8961,14013,14013,25857,930498,572142,3289050,2335740,312,312,189,234,0,78,14013,14029,3326,4127,13972,93,0.0662837483,1874,1272,23994,23994,3326,13962,4,0,474,69122,31,1957791,93,139958,5,534131,96,0,0,434748,3,0,0,153300,84,
https://www.samsung.com/uk/?cookie=consent,https://www.webpagetest.org/results.php?test=230530_BiDc90_5P0,4526,10749,10749,14910,606395,507467,2764237,2395957,234,234,194,163,0,71,10749,10778,3687,4541,10718,69,0.012946018,1911,1263,,,3687,10712,14,0,422,57743,21,1325651,61,59905,15,248995,73,0,0,434748,3,625580,1,11615,59,
https://www.samsung.com/uk/?cookie=consent,https://www.webpagetest.org/results.php?test=230530_BiDcR2_5P1,4417,10712,10712,15658,605350,506422,2837225,2468838,236,236,196,162,0,74,10712,10739,3828,4721,10654,71,0.012946018,1865,1439,,,3827,10642,14,0,545,57733,21,1325756,61,59509,15,248995,73,0,0,434748,3,698876,1,11608,61,
https://www.samsung.com/uk/smartphones/galaxy-s23-ultra/?cookie=consent,https://www.webpagetest.org/results.php?test=230530_AiDcYT_5NA,3311,8869,8869,12559,432163,322308,2167976,1663249,175,175,132,114,0,61,8869,8927,4420,4856,8853,52,0.2257448082,2428,1394,,,4420,8842,7,0,473,96648,16,1084072,36,61141,8,439785,63,0,0,434748,3,0,0,51582,49,
https://www.samsung.com/uk/smartphones/galaxy-s23-ultra/buy/?cookie=consent,https://www.webpagetest.org/results.php?test=230530_BiDcVP_5NJ,7179,13819,13819,25771,825727,517941,2886659,2305353,290,290,183,214,0,76,13819,13861,3648,4427,13777,85,0.0275035549,1932,1697,,,3648,13767,4,0,681,67668,31,1563270,85,88025,4,568422,90,0,0,434748,3,0,0,164526,77,
https://www.samsung.com/uk/smartphones/galaxy-s23/?cookie=consent,https://www.webpagetest.org/results.php?test=230530_AiDc20_5N9,4773,11498,11498,18523,712970,462377,2830030,2364068,275,275,182,196,1,78,11498,11548,4335,4896,11487,87,0.2257448082,2499,1571,16959,16959,4334,11486,7,0,785,399010,30,1528614,80,68886,8,345642,78,0,0,434748,3,0,0,53130,76,
https://www.samsung.com/uk/smartphones/galaxy-s23-ultra/buy/?cookie=consent,https://www.webpagetest.org/results.php?test=230530_BiDc4K_5NG,7325,13599,13599,21084,843527,534646,2841182,2300956,293,293,187,215,0,78,13599,13636,3631,4346,13551,86,0.0275035549,1912,1580,,,3631,13540,4,0,448,67668,31,1563242,85,95810,4,527379,90,0,0,434748,3,0,0,152335,80,
https://www.samsung.com/uk/smartphones/galaxy-s23-ultra/?cookie=consent,https://www.webpagetest.org/results.php?test=230530_AiDc9S_5N4,3554,8549,8549,11708,413958,292681,2151100,1655310,171,171,121,112,0,59,8549,8613,4343,4707,8526,52,0.2257448082,2520,1351,,,4343,8514,7,0,462,96646,16,1084092,36,61141,8,430456,60,0,0,434748,3,0,0,44017,48,
https://www.samsung.com/uk/smartphones/galaxy-s23-ultra/?cookie=consent,https://www.webpagetest.org/results.php?test=230530_AiDc2B_5NF,3147,8065,8065,11649,423404,309782,2166225,1661560,173,173,128,115,0,58,8065,8121,4085,4400,8047,50,0.2257448082,2392,1297,,,4083,8036,7,0,490,96648,16,1084095,36,61141,8,439474,62,0,0,434748,3,0,0,50119,48,
https://www.samsung.com/uk/smartphones/galaxy-s23-ultra/?cookie=consent,https://www.webpagetest.org/results.php?test=230530_AiDc5G_5NG,3701,9370,9370,12742,428920,349952,2168044,1664199,175,175,143,112,0,63,9370,9444,4546,4940,9353,52,0.2257448082,2573,1395,,,4546,9339,7,0,463,96654,16,1084203,36,61141,8,439785,63,0,0,434748,3,0,0,51513,49,
https://www.samsung.com/uk/smartphones/galaxy-s23-ultra/?cookie=consent,https://www.webpagetest.org/results.php?test=230530_AiDcB3_5NR,3047,8370,8370,12174,421466,327639,2167827,1663374,173,173,138,113,0,60,8370,8409,3769,4026,8356,52,0.2257448082,2283,1359,,,3769,8341,7,0,486,96649,16,1084093,36,61141,8,439768,62,0,0,434748,3,0,0,51428,48,
https://www.samsung.com/uk/?cookie=consent,https://www.webpagetest.org/results.php?test=230530_AiDcVG_5NS,4486,11202,11202,16064,595154,496211,2845494,2477099,237,237,197,162,0,75,11202,11244,3552,3954,11157,67,0.0132127077,2675,1655,,,3552,11151,14,0,590,57741,21,1327468,61,67690,15,248970,74,0,0,434748,3,698876,1,10001,61,
https://www.samsung.com/uk/?cookie=consent,https://www.webpagetest.org/results.php?test=230530_AiDc8G_5N7,4364,9918,9918,14100,608899,490702,2843828,1758536,233,233,190,163,0,70,9918,9936,3562,4435,9872,71,0.012946018,1631,1268,,,3562,9863,14,0,447,57736,21,1325834,61,67690,15,248953,72,0,0,434748,3,698876,1,9991,59,
https://www.samsung.com/uk/?cookie=consent,https://www.webpagetest.org/results.php?test=230530_BiDcEE_5PC,4548,10692,10692,14951,612156,513219,2839259,2470934,238,238,198,162,0,76,10692,10718,3772,4637,10649,71,0.012946018,1951,1397,,,3772,10642,14,0,495,57746,21,1327400,61,59905,15,248970,74,0,0,434748,3,698876,1,11614,62,
https://www.samsung.com/uk/?cookie=consent,https://www.webpagetest.org/results.php?test=230530_AiDc1Y_5N3,4148,10663,10663,14669,606132,507183,2835868,2467461,238,238,198,162,0,76,10663,10701,4005,4814,10619,71,0.012946018,2355,1674,,,4005,10610,14,0,483,57739,21,1325764,61,59905,15,248802,74,0,0,434748,3,698876,1,10034,62,
https://www.samsung.com/uk/smartphones/galaxy-s23-ultra/?cookie=consent,https://www.webpagetest.org/results.php?test=230530_BiDcA6_5P3,3451,8363,8363,11872,410996,271260,2166813,1661324,173,173,111,112,0,61,8363,8439,4410,4783,8354,52,0.2257448082,2425,1332,,,4406,8340,7,0,464,96646,16,1084282,36,61141,8,439852,62,0,0,434748,3,0,0,50144,48,
https://www.samsung.com/uk/smartphones/galaxy-s23/?cookie=consent,https://www.webpagetest.org/results.php?test=230530_AiDcCZ_5N2,4999,11842,11842,18882,713397,468276,3138142,2672249,273,273,180,196,2,75,11842,11893,4760,5395,11823,89,0.2257448082,2730,1829,17237,17237,4760,11808,7,0,932,708377,31,1529024,80,68886,8,342653,76,0,0,434748,3,0,0,54454,75,
https://www.samsung.com/uk/smartphones/galaxy-s23/?cookie=consent,https://www.webpagetest.org/results.php?test=230530_AiDcF7_5N8,5322,12423,12423,20088,714758,465869,2829946,2363992,275,275,182,198,1,76,12423,12488,5021,5721,12408,85,0.2257448082,3247,1891,18609,18609,5021,12398,7,0,1078,399010,30,1528660,80,68886,8,345541,77,0,0,434748,3,0,0,53101,77,
https://www.samsung.com/uk/smartphones/galaxy-s23-ultra/?cookie=consent,https://www.webpagetest.org/results.php?test=230530_BiDc3T_5P2,3600,9382,9382,12722,430090,351612,2166388,1662669,175,175,144,114,0,61,9382,9437,4622,4958,9380,53,0.2257448082,2469,1352,,,4619,9368,7,0,480,96643,16,1084133,36,61141,8,439533,63,0,0,434748,3,0,0,50190,49,
https://www.samsung.com/uk/?cookie=consent,https://www.webpagetest.org/results.php?test=230530_BiDcEK_5NY,4381,10089,10089,14946,618827,500912,2836196,1750765,234,234,191,163,0,71,10089,10113,4111,5083,10043,69,0.012946018,1685,1224,,,4111,10032,14,0,477,57699,21,1325961,61,59905,15,248995,72,0,0,434748,3,698876,1,10012,60,
https://www.samsung.com/uk/?cookie=consent,https://www.webpagetest.org/results.php?test=230530_BiDcMP_5NZ,5080,11304,11304,15866,611640,512733,2835819,2467371,238,238,198,162,0,76,11304,11331,3976,4967,11255,71,0.012946018,2643,1482,,,3975,11250,14,0,615,57742,21,1325754,61,59905,15,248760,74,0,0,434748,3,698876,1,10034,62,
https://www.samsung.com/uk/smartphones/galaxy-s23/?cookie=consent,https://www.webpagetest.org/results.php?test=230530_BiDcJW_5P7,5143,11576,11576,19601,713727,466347,3127664,2661711,273,273,180,197,2,74,11576,11640,4483,5115,11559,85,0.2257448082,2409,1263,,,4483,11557,7,0,449,708378,31,1530805,80,68886,8,337961,76,0,0,434748,3,0,0,46886,75,
https://www.samsung.com/uk/smartphones/galaxy-s23/?cookie=consent,https://www.webpagetest.org/results.php?test=230530_BiDc3J_5NK,4656,10978,10978,17171,706481,455837,2806514,2340604,275,275,182,196,1,78,10978,11063,4342,4913,10959,86,0.2257448082,2199,1203,15680,15680,4340,10957,7,0,572,399344,31,1530347,80,58907,8,337793,75,0,0,434748,3,0,0,45375,78,
https://www.samsung.com/uk/smartphones/galaxy-s23-ultra/buy/?cookie=consent,https://www.webpagetest.org/results.php?test=230530_AiDcX0_5ND,6764,13080,13080,24725,812041,520993,2809334,2279205,284,284,184,210,0,74,13080,13118,3419,4094,13035,87,0.0275035549,1665,1381,,,3419,13024,4,0,485,67666,30,1554164,83,88025,4,526397,87,0,0,434748,3,0,0,138334,77,
https://www.samsung.com/uk/?cookie=consent,https://www.webpagetest.org/results.php?test=230530_BiDcBH_5P6,4389,11742,11742,17766,581712,482754,2845452,2477038,235,235,195,162,0,73,11742,11788,4485,4772,11688,67,0.0132001066,3994,2168,,,4483,11678,14,0,928,57739,21,1326171,61,67294,15,248953,73,0,0,434748,3,698876,1,11671,60,
https://www.samsung.com/uk/smartphones/galaxy-s23/?cookie=consent,https://www.webpagetest.org/results.php?test=230530_BiDcJV_5NN,4845,11261,11261,17936,714628,465646,2815074,2349132,274,274,181,196,1,77,11261,11300,4318,4922,11245,85,0.2257448082,2580,1340,16275,16275,4318,11233,7,0,433,399008,30,1529100,80,68886,8,337835,76,0,0,434748,3,0,0,45497,77,
https://www.samsung.com/uk/smartphones/galaxy-s23/?cookie=consent,https://www.webpagetest.org/results.php?test=230530_BiDc6K_5NP,5172,11195,11195,18347,706735,461278,3124097,2658208,274,274,181,195,2,77,11195,11252,4363,4950,11178,86,0.2257448082,2302,1335,16812,16812,4361,11163,7,0,433,708388,31,1528594,80,68886,8,337978,77,0,0,434748,3,0,0,45503,75,
https://www.samsung.com/uk/smartphones/galaxy-s23/buy/?cookie=consent,https://www.webpagetest.org/results.php?test=230530_AiDcWK_5NH,8406,13445,13445,24994,895276,522315,3281156,2276714,313,313,183,239,0,74,13445,13489,3706,4442,13408,91,0.0662837483,1847,1459,23576,23576,3706,13399,4,0,440,69129,32,1966967,95,139958,5,529733,96,0,0,434748,3,0,0,140621,82,
https://www.samsung.com/uk/smartphones/galaxy-s23/buy/?cookie=consent,https://www.webpagetest.org/results.php?test=230530_AiDcWN_5NQ,8319,13150,13150,24503,893260,520284,3289811,2285454,316,316,186,238,0,78,13150,13193,3905,4583,13111,93,0.0662837483,1950,1594,22695,22695,3905,13097,4,0,481,69136,32,1966899,95,147743,5,529498,97,0,0,434748,3,0,0,141787,84,
https://www.samsung.com/uk/smartphones/galaxy-s23-ultra/buy/?cookie=consent,https://www.webpagetest.org/results.php?test=230530_AiDcGR_5NC,7993,14918,14918,26160,836318,511985,2886753,2302734,290,290,182,215,0,75,14918,14965,3813,4577,14867,85,0.0275035549,1812,1440,,,3813,14857,4,0,430,67621,31,1563227,85,88025,4,568422,90,0,0,434748,3,0,0,164710,77,
https://www.samsung.com/uk/smartphones/galaxy-s23-ultra/buy/?cookie=consent,https://www.webpagetest.org/results.php?test=230530_AiDc8Q_5NB,7337,14490,14490,26276,831716,524323,2889569,2308255,291,291,184,217,0,74,14490,14527,3613,4468,14443,84,0.0275035549,1835,1460,,,3613,14429,4,0,476,67665,31,1558351,85,95810,4,568439,91,0,0,434748,3,0,0,164556,77,
https://www.samsung.com/uk/smartphones/galaxy-s23/buy/?cookie=consent,https://www.webpagetest.org/results.php?test=230530_AiDcWG_5N5,8538,14157,14157,25614,941636,568240,3341665,2337320,317,317,187,244,0,73,14157,14276,3964,4680,14102,95,0.0662837483,2154,1849,24229,24229,3964,14085,4,0,707,69131,32,1966921,95,139958,5,576173,99,0,0,434748,3,0,0,154734,83,
https://www.samsung.com/uk/smartphones/galaxy-s23/buy/?cookie=consent,https://www.webpagetest.org/results.php?test=230530_AiDc4B_5NN,7999,13286,13286,25181,938474,584733,3299767,2346356,311,311,189,236,0,75,13286,13335,3653,4387,13245,90,0.0662837483,2023,1672,22474,22474,3645,13234,4,0,480,69132,31,1959680,92,147743,5,534106,97,0,0,434748,3,0,0,154358,83,
https://www.samsung.com/uk/smartphones/galaxy-s23/?cookie=consent,https://www.webpagetest.org/results.php?test=230530_BiDcR7_5NM,5269,12087,12087,19427,726129,475527,2831839,2365892,276,276,183,196,1,79,12087,12129,4442,5051,12075,84,0.2257448082,2340,1265,18002,18002,4441,12073,7,0,445,399006,30,1529071,80,68886,8,345625,77,0,0,434748,3,0,0,54503,78,
https://www.samsung.com/uk/smartphones/galaxy-s23-ultra/buy/?cookie=consent,https://www.webpagetest.org/results.php?test=230530_BiDcDM_5NT,7568,14258,14258,26354,811365,523234,2535529,2011458,280,280,181,204,0,76,14258,14277,3887,4715,14217,83,0.0275035549,2059,1755,,,3885,14204,4,0,587,67667,30,1555842,82,88025,4,252901,84,0,0,434748,3,0,0,136346,77,
https://www.samsung.com/uk/smartphones/galaxy-s23-ultra/buy/?cookie=consent,https://www.webpagetest.org/results.php?test=230530_BiDc0N_5NW,7486,14235,14235,25813,844103,535291,2835011,2253743,294,294,187,216,0,78,14235,14271,3485,4258,14176,88,0.0275035549,1862,1521,,,3485,14161,4,0,455,67669,31,1512838,85,88025,4,568271,91,0,0,434748,3,0,0,163460,80,
https://www.samsung.com/uk/smartphones/galaxy-s23/buy/?cookie=consent,https://www.webpagetest.org/results.php?test=230530_BiDcKW_5P9,8202,13014,13014,25068,892442,517504,3015311,2010880,311,311,181,237,0,74,13014,13038,3688,4475,12975,93,0.0662837483,2000,1640,22624,22624,3688,12969,4,0,491,69130,32,1962056,95,147743,5,262333,93,0,0,434748,3,0,0,139301,83,
https://www.samsung.com/uk/smartphones/galaxy-s23-ultra/buy/?cookie=consent,https://www.webpagetest.org/results.php?test=230530_BiDcJ4_5NX,6983,13192,13192,24433,825739,531034,2834420,2304259,284,284,184,210,0,74,13192,13230,3389,4112,13154,84,0.0275035549,1706,1388,,,3389,13146,4,0,441,67675,30,1554154,83,88025,4,526397,87,0,0,434748,3,0,0,163421,77,
https://www.samsung.com/uk/smartphones/galaxy-s23/buy/?cookie=consent,https://www.webpagetest.org/results.php?test=230530_BiDcJ9_5PA,8715,13981,13981,25348,896865,523684,3019087,2011829,312,312,181,237,0,75,13981,14022,3968,4767,13928,93,0.0662837483,2043,1665,24092,24092,3967,13918,4,0,509,69136,32,1967054,95,147743,5,262350,94,0,0,434748,3,0,0,138056,83,
https://www.samsung.com/uk/smartphones/galaxy-s23-ultra/buy/?cookie=consent,https://www.webpagetest.org/results.php?test=230530_BiDcSN_5NV,7126,13790,13790,25533,808126,516797,2837262,2306839,281,281,182,207,0,74,13790,13842,3573,4336,13747,87,0.0275035549,1846,1473,,,3573,13737,4,0,461,67665,30,1549462,82,95810,4,526380,85,0,0,434748,3,0,0,163197,77,
https://www.samsung.com/uk/smartphones/galaxy-s23-ultra/buy/?cookie=consent,https://www.webpagetest.org/results.php?test=230530_BiDc91_5NS,7938,14785,14785,26045,816021,509655,2842052,2311869,282,282,183,209,0,73,14785,14821,3764,4644,14745,87,0.0275035549,1917,1504,,,3764,14734,4,0,453,67673,30,1554176,82,95810,4,526380,85,0,0,434748,3,0,0,163265,78,
https://www.samsung.com/uk/smartphones/galaxy-s23/buy/?cookie=consent,https://www.webpagetest.org/results.php?test=230530_BiDc33_5P8,9296,15034,15034,27414,944005,570741,3339072,2334668,319,319,189,243,0,76,15034,15072,3662,4540,14995,92,0.0662837483,1786,1329,,,3662,14979,4,0,470,69090,32,1966889,95,139958,5,575938,101,0,0,434748,3,0,0,152449,83,
https://www.samsung.com/uk/smartphones/galaxy-s23/buy/?cookie=consent,https://www.webpagetest.org/results.php?test=230530_BiDcKF_5P5,8195,13480,13480,24783,958444,588135,3342335,2337869,319,319,189,243,0,76,13480,13536,3528,4273,13432,94,0.0662837483,1830,1526,22772,22772,3527,13419,4,0,476,69129,32,1962128,95,147743,5,576190,101,0,0,434748,3,0,0,152397,83,
https://www.samsung.com/uk/smartphones/galaxy-s23-ultra/?cookie=consent,https://www.webpagetest.org/results.php?test=230530_AiDcHN_5NK,3292,7958,7958,11143,422389,294573,2174909,1669900,175,175,123,111,0,64,7958,8016,4126,4484,7945,52,0.2257448082,2209,1262,,,4126,7930,7,0,442,96652,16,1084568,36,68926,8,439869,63,0,0,434748,3,0,0,50146,49,
https://www.samsung.com/uk/smartphones/galaxy-s23/buy/?cookie=consent,https://www.webpagetest.org/results.php?test=230530_BiDcQ0_5P4,8949,13832,13832,26066,942237,570605,3342161,2337818,318,318,188,243,0,75,13832,13869,3691,4478,13795,91,0.0662837483,1974,1606,23918,23918,3691,13787,4,0,441,69127,32,1961888,95,147743,5,576173,100,0,0,434748,3,0,0,152482,83,
